176,303,10
176,303,0
185,301,0
191,300,0
196,299,0
202,298,0
208,297,0
215,296,0
220,295,0
225,293,0
231,292,0
238,290,0
243,289,0
251,287,0
258,284,0
263,283,0
269,282,0
275,280,0
280,278,0
285,277,0
290,276,0
295,274,0
301,273,0
306,272,0
311,271,0
317,269,0
323,268,0
329,266,0
334,265,0
340,263,0
346,262,0
351,261,0
356,260,0
362,259,0
368,258,0
373,257,0
379,257,0
385,256,0
391,255,0
397,253,0
403,252,0
409,251,0
415,250,0
420,249,0
425,248,0
434,246,0
440,245,0
447,244,0
453,243,0
458,242,0
467,241,0
474,239,0
483,238,0
489,237,0
494,236,0
499,235,0
504,234,0
509,233,0
515,232,0
522,231,0
528,230,0
533,229,0
540,229,0
545,227,0
550,226,0
556,226,0
556,226,10
559,222,10
559,222,0
565,236,0
566,242,0
568,249,0
569,254,0
571,260,0
572,265,0
574,270,0
576,276,0
577,283,0
579,289,0
580,294,0
581,299,0
583,305,0
584,312,0
585,317,0
586,324,0
587,329,0
587,335,0
588,341,0
589,347,0
590,352,0
591,358,0
591,365,0
593,371,0
594,376,0
595,382,0
595,388,0
596,393,0
595,400,0
595,406,0
595,412,0
595,418,0
594,423,0
594,429,0
594,429,10
593,434,10
593,434,0
584,435,0
576,437,0
570,438,0
564,439,0
559,440,0
552,441,0
545,443,0
539,444,0
534,445,0
528,446,0
523,448,0
517,450,0
512,451,0
504,453,0
498,454,0
491,455,0
486,456,0
478,457,0
472,458,0
465,459,0
459,460,0
452,460,0
447,461,0
439,463,0
434,464,0
428,466,0
421,467,0
415,469,0
410,470,0
404,471,0
399,472,0
393,473,0
386,474,0
379,475,0
373,476,0
364,477,0
357,477,0
351,478,0
346,479,0
341,480,0
336,481,0
331,482,0
326,483,0
321,484,0
314,486,0
308,487,0
301,489,0
296,490,0
288,492,0
281,493,0
276,494,0
269,495,0
264,496,0
259,497,0
252,499,0
247,501,0
242,502,0
237,503,0
230,503,0
230,503,10
230,501,10
230,501,0
224,487,0
222,482,0
220,477,0
219,472,0
216,467,0
214,461,0
211,455,0
208,450,0
207,445,0
205,440,0
202,433,0
201,427,0
199,422,0
197,416,0
196,410,0
194,404,0
193,399,0
192,393,0
190,387,0
189,382,0
188,377,0
188,369,0
187,363,0
187,356,0
186,351,0
185,345,0
184,340,0
183,335,0
182,328,0
181,323,0
180,318,0
179,313,0
177,308,0
177,302,0
177,302,10
178,303,10
178,303,0
169,295,0
164,292,0
160,288,0
155,285,0
150,282,0
150,282,10
152,283,10
152,283,0
164,279,0
170,277,0
176,276,0
183,275,0
189,274,0
195,273,0
202,272,0
207,271,0
213,270,0
218,269,0
223,267,0
228,266,0
236,265,0
242,264,0
248,263,0
254,261,0
260,260,0
265,259,0
270,258,0
275,257,0
280,256,0
286,255,0
291,254,0
296,253,0
302,252,0
309,252,0
317,251,0
322,250,0
328,249,0
333,248,0
338,247,0
343,246,0
343,246,10
384,235,10
384,235,0
393,233,0
398,231,0
406,229,0
411,228,0
417,226,0
422,225,0
427,224,0
433,224,0
439,223,0
446,222,0
452,222,0
457,221,0
462,220,0
467,219,0
472,218,0
479,217,0
485,216,0
491,215,0
497,214,0
502,213,0
508,212,0
513,211,0
518,210,0
523,209,0
529,208,0
535,208,0
540,210,0
544,214,0
549,217,0
554,219,0
554,219,10
583,297,10
583,297,0
592,296,0
597,295,0
602,294,0
608,294,0
612,299,0
614,304,0
615,309,0
616,314,0
617,319,0
616,324,0
617,329,0
616,334,0
616,340,0
612,344,0
607,346,0
601,347,0
595,347,0
590,349,0
590,349,10
173,369,10
173,369,0
164,371,0
159,372,0
154,373,0
149,374,0
144,375,0
139,376,0
134,379,0
132,384,0
130,389,0
130,395,0
129,400,0
131,406,0
132,411,0
134,416,0
136,421,0
138,426,0
143,428,0
149,427,0
154,425,0
159,424,0
166,424,0
171,423,0
177,422,0
182,420,0
186,416,0
188,411,0
187,406,0
187,400,0
186,394,0
185,389,0
184,384,0
183,379,0
181,374,0
179,369,0
174,365,0
174,365,10
149,283,10
149,283,0
152,295,0
153,300,0
154,305,0
155,310,0
156,316,0
157,322,0
158,327,0
159,332,0
160,337,0
161,342,0
162,349,0
163,354,0
164,360,0
165,365,0
165,365,10
179,424,10
179,424,0
181,432,0
183,437,0
184,442,0
185,447,0
187,452,0
189,457,0
191,462,0
193,467,0
195,472,0
198,477,0
202,482,0
207,485,0
212,488,0
217,492,0
222,496,0
226,500,0
231,504,0
231,504,10
313,347,10
313,347,0
297,347,0
290,348,0
283,351,0
278,353,0
271,357,0
267,361,0
264,366,0
261,373,0
258,379,0
256,386,0
257,394,0
257,401,0
257,407,0
257,413,0
259,419,0
261,424,0
264,429,0
267,436,0
270,441,0
275,445,0
281,449,0
286,451,0
291,452,0
299,451,0
304,450,0
311,449,0
317,448,0
323,446,0
328,444,0
334,440,0
339,438,0
344,431,0
348,425,0
352,420,0
354,413,0
355,407,0
356,400,0
356,394,0
355,389,0
354,382,0
350,375,0
346,368,0
340,362,0
334,358,0
330,354,0
324,350,0
317,347,0
317,347,10
310,357,10
310,357,0
300,360,0
295,362,0
289,365,0
284,370,0
281,375,0
278,380,0
277,386,0
277,393,0
278,399,0
279,404,0
281,409,0
285,413,0
289,418,0
294,421,0
300,421,0
305,422,0
311,422,0
318,420,0
324,418,0
329,416,0
333,410,0
337,405,0
340,400,0
341,395,0
341,388,0
339,383,0
337,378,0
335,373,0
333,367,0
328,362,0
323,360,0
318,357,0
311,354,0
311,354,10
484,316,10
484,316,0
468,326,0
463,332,0
458,338,0
456,343,0
454,350,0
453,357,0
453,363,0
454,368,0
456,374,0
459,379,0
462,384,0
465,390,0
472,395,0
477,399,0
482,403,0
488,405,0
495,406,0
502,406,0
507,405,0
515,404,0
522,403,0
528,401,0
533,398,0
537,394,0
541,388,0
544,383,0
546,378,0
548,372,0
550,366,0
551,361,0
550,353,0
548,347,0
546,341,0
543,336,0
539,330,0
535,325,0
531,320,0
527,316,0
522,313,0
517,311,0
511,310,0
503,310,0
495,310,0
489,312,0
484,316,0
484,316,10
491,321,10
491,321,0
479,332,0
476,338,0
473,344,0
471,349,0
472,354,0
473,359,0
475,364,0
477,369,0
480,374,0
484,379,0
490,382,0
495,383,0
501,384,0
507,384,0
513,384,0
518,383,0
524,381,0
530,377,0
535,372,0
538,367,0
540,362,0
542,356,0
541,351,0
539,346,0
538,341,0
534,336,0
530,331,0
526,327,0
521,323,0
516,321,0
511,319,0
505,318,0
498,318,0
492,322,0
492,322,10
250,340,10
250,340,0
263,330,0
270,325,0
274,321,0
279,318,0
284,314,0
289,310,0
294,307,0
300,304,0
304,300,0
309,304,0
314,307,0
318,311,0
322,315,0
323,320,0
317,321,0
311,322,0
304,324,0
299,325,0
294,327,0
288,328,0
282,330,0
277,332,0
270,334,0
263,337,0
256,339,0
251,341,0
246,343,0
246,343,10
467,270,10
467,270,0
480,273,0
485,274,0
491,277,0
496,278,0
501,280,0
507,282,0
513,283,0
519,284,0
525,285,0
530,286,0
525,287,0
518,287,0
513,288,0
508,289,0
503,290,0
498,291,0
492,292,0
486,293,0
481,294,0
476,295,0
471,296,0
466,297,0
461,298,0
462,293,0
463,288,0
463,282,0
464,277,0
465,272,0
465,272,10
350,232,10
350,232,0
350,238,0
350,244,0
351,249,0
356,250,0
361,251,0
366,250,0
372,250,0
377,249,0
381,245,0
383,240,0
382,235,0
381,230,0
375,227,0
369,227,0
363,227,0
358,228,0
353,230,0
353,230,10
364,227,10
364,227,0
363,217,0
363,211,0
362,206,0
361,201,0
360,196,0
359,191,0
358,186,0
356,181,0
354,176,0
353,171,0
352,166,0
351,161,0
351,161,10
352,148,10
352,148,0
342,154,0
342,160,0
347,162,0
352,161,0
357,160,0
360,155,0
359,150,0
354,147,0
354,147,10
364,476,10
364,476,0
364,484,0
364,492,0
365,499,0
365,506,0
367,511,0
367,517,0
367,523,0
367,530,0
368,537,0
369,544,0
369,550,0
369,556,0
370,561,0
371,567,0
376,570,0
381,574,0
387,574,0
393,574,0
398,575,0
403,574,0
408,573,0
413,572,0
415,567,0
417,561,0
417,554,0
417,548,0
418,543,0
418,537,0
419,532,0
420,526,0
421,520,0
422,515,0
423,510,0
424,505,0
425,500,0
426,494,0
427,488,0
428,483,0
429,477,0
429,471,0
430,466,0
430,466,10
365,488,10
365,488,0
373,490,0
379,490,0
387,490,0
393,490,0
400,490,0
406,489,0
412,489,0
417,488,0
422,487,0
422,487,10
369,518,10
369,518,0
375,520,0
381,521,0
388,522,0
394,522,0
400,521,0
405,520,0
411,519,0
416,518,0
416,518,10
369,549,10
369,549,0
382,552,0
389,552,0
395,552,0
402,552,0
408,551,0
413,550,0
413,550,10
255,592,10
255,592,0
268,592,0
275,592,0
281,592,0
286,591,0
292,591,0
300,591,0
308,591,0
314,591,0
320,591,0
326,591,0
334,591,0
339,590,0
347,590,0
355,590,0
364,590,0
369,589,0
376,589,0
384,589,0
389,588,0
396,588,0
404,588,0
411,587,0
417,587,0
423,587,0
428,586,0
433,585,0
439,585,0
446,585,0
452,585,0
459,584,0
465,584,0
473,583,0
479,582,0
485,582,0
492,582,0
498,581,0
504,581,0
510,581,0
516,580,0
523,581,0
530,581,0
536,581,0
541,582,0
541,582,10
544,583,10
544,583,0
544,592,0
542,599,0
541,605,0
541,613,0
540,618,0
539,623,0
538,630,0
538,636,0
537,642,0
536,648,0
536,654,0
535,659,0
534,665,0
533,672,0
532,679,0
531,686,0
530,693,0
529,702,0
529,709,0
527,715,0
526,723,0
525,729,0
524,735,0
524,742,0
523,749,0
522,756,0
522,762,0
521,767,0
520,774,0
519,780,0
519,788,0
519,795,0
517,800,0
516,805,0
515,810,0
514,815,0
512,820,0
511,825,0
511,831,0
511,831,10
510,838,10
510,838,0
502,838,0
495,837,0
489,837,0
481,837,0
476,836,0
469,837,0
460,837,0
450,837,0
443,838,0
436,838,0
430,839,0
424,839,0
418,839,0
411,840,0
406,841,0
400,841,0
395,842,0
388,842,0
382,842,0
376,843,0
368,843,0
360,844,0
353,844,0
347,844,0
339,844,0
333,845,0
326,844,0
320,844,0
314,844,0
308,844,0
308,844,10
305,843,10
305,843,0
304,835,0
303,828,0
302,822,0
301,816,0
299,809,0
298,802,0
297,796,0
296,790,0
295,785,0
294,779,0
293,774,0
292,768,0
291,763,0
289,757,0
288,752,0
287,747,0
285,741,0
284,734,0
283,728,0
282,722,0
281,716,0
280,710,0
279,705,0
278,699,0
277,693,0
276,686,0
274,679,0
273,673,0
271,666,0
269,660,0
268,654,0
267,648,0
266,642,0
265,637,0
264,632,0
262,626,0
261,620,0
259,615,0
257,610,0
256,605,0
256,599,0
255,594,0
255,594,10
259,590,10
259,590,0
270,582,0
275,578,0
280,575,0
285,572,0
290,569,0
295,566,0
300,565,0
306,565,0
312,564,0
321,563,0
327,562,0
333,563,0
340,563,0
347,563,0
353,562,0
359,562,0
365,562,0
365,562,10
418,561,10
418,561,0
432,561,0
440,560,0
446,560,0
454,559,0
460,559,0
467,559,0
474,559,0
481,559,0
488,558,0
493,559,0
500,559,0
506,559,0
511,561,0
517,563,0
522,566,0
527,570,0
533,574,0
538,577,0
542,581,0
542,581,10
527,566,10
527,566,0
534,561,0
539,559,0
545,559,0
552,560,0
558,561,0
563,564,0
568,570,0
572,575,0
574,581,0
575,586,0
575,593,0
575,600,0
574,606,0
572,611,0
568,616,0
562,620,0
557,623,0
552,625,0
547,626,0
541,625,0
541,625,10
543,626,10
543,626,0
549,636,0
552,641,0
556,646,0
560,652,0
564,659,0
568,665,0
570,671,0
573,676,0
576,682,0
579,688,0
582,693,0
585,698,0
589,704,0
592,709,0
595,714,0
595,714,10
574,608,10
574,608,0
581,620,0
585,625,0
588,631,0
591,636,0
594,642,0
598,647,0
601,652,0
604,657,0
607,662,0
610,668,0
613,673,0
615,678,0
618,683,0
618,683,10
620,685,10
620,685,0
609,688,0
604,692,0
600,696,0
596,702,0
595,708,0
594,714,0
595,719,0
596,725,0
599,731,0
603,735,0
607,739,0
612,741,0
617,742,0
622,741,0
629,740,0
634,738,0
639,736,0
643,732,0
647,727,0
649,722,0
650,716,0
649,711,0
649,705,0
647,700,0
645,695,0
641,691,0
636,688,0
630,686,0
624,686,0
624,686,10
600,729,10
600,729,0
595,747,0
594,752,0
592,757,0
591,763,0
589,768,0
587,773,0
586,778,0
584,784,0
583,789,0
582,794,0
581,799,0
580,804,0
580,804,10
638,735,10
638,735,0
633,752,0
632,757,0
630,763,0
629,769,0
626,775,0
625,780,0
623,785,0
622,790,0
621,795,0
619,800,0
617,805,0
616,811,0
615,816,0
615,816,10
629,826,10
629,826,0
620,822,0
615,819,0
609,816,0
604,812,0
599,810,0
592,808,0
586,806,0
581,805,0
575,805,0
570,804,0
563,803,0
558,807,0
555,813,0
553,818,0
551,823,0
549,828,0
548,833,0
552,837,0
557,839,0
556,845,0
556,851,0
556,857,0
557,862,0
558,867,0
560,872,0
564,876,0
569,874,0
574,873,0
575,868,0
575,862,0
575,856,0
574,851,0
579,849,0
585,852,0
590,853,0
595,855,0
593,860,0
588,864,0
583,868,0
584,874,0
588,878,0
593,881,0
599,877,0
604,874,0
608,870,0
613,867,0
618,865,0
617,860,0
621,856,0
625,852,0
628,847,0
629,842,0
631,837,0
631,831,0
631,825,0
631,825,10
259,586,10
259,586,0
250,582,0
245,581,0
239,581,0
234,584,0
230,588,0
226,593,0
223,599,0
222,604,0
221,609,0
220,614,0
220,620,0
222,625,0
223,630,0
226,635,0
230,640,0
236,644,0
241,645,0
248,646,0
254,646,0
259,644,0
264,641,0
264,641,10
224,630,10
224,630,0
220,641,0
217,649,0
215,654,0
213,661,0
210,668,0
208,674,0
206,679,0
204,684,0
201,690,0
198,695,0
195,701,0
193,706,0
192,711,0
190,716,0
189,721,0
189,721,10
260,644,10
260,644,0
252,664,0
249,669,0
247,675,0
245,681,0
243,687,0
239,695,0
235,703,0
234,708,0
231,714,0
229,719,0
228,724,0
226,729,0
225,734,0
224,739,0
222,744,0
222,744,10
208,727,10
208,727,0
196,725,0
190,725,0
184,726,0
179,728,0
174,733,0
172,738,0
170,744,0
170,752,0
170,758,0
171,764,0
173,769,0
177,774,0
181,778,0
186,781,0
192,784,0
197,782,0
202,780,0
208,777,0
213,774,0
218,770,0
222,765,0
224,760,0
224,753,0
222,748,0
221,743,0
217,737,0
214,732,0
209,729,0
204,727,0
204,727,10
185,781,10
185,781,0
190,801,0
192,807,0
194,813,0
196,820,0
198,826,0
199,832,0
200,837,0
201,842,0
202,847,0
202,847,10
218,770,10
218,770,0
221,780,0
223,786,0
224,791,0
227,799,0
228,804,0
230,809,0
232,815,0
234,820,0
235,827,0
236,832,0
238,837,0
239,842,0
239,842,10
187,858,10
187,858,0
197,855,0
202,854,0
208,852,0
214,851,0
222,850,0
227,849,0
234,848,0
240,847,0
247,847,0
252,846,0
258,847,0
262,851,0
263,856,0
264,861,0
264,867,0
265,872,0
265,878,0
261,882,0
262,888,0
264,894,0
264,900,0
263,905,0
263,911,0
261,916,0
256,919,0
251,918,0
249,913,0
248,907,0
248,901,0
247,896,0
247,890,0
242,887,0
236,887,0
230,887,0
225,889,0
220,891,0
221,897,0
222,903,0
223,908,0
224,913,0
224,919,0
218,918,0
212,918,0
208,914,0
206,908,0
205,902,0
204,897,0
203,892,0
198,890,0
191,890,0
186,891,0
185,886,0
186,880,0
185,875,0
185,868,0
184,862,0
184,856,0
184,856,10
335,844,10
335,844,0
335,853,0
336,858,0
336,864,0
336,870,0
337,875,0
337,882,0
338,889,0
338,898,0
338,904,0
338,910,0
339,918,0
339,925,0
340,931,0
341,937,0
342,942,0
346,947,0
351,948,0
357,948,0
363,948,0
368,949,0
374,949,0
379,948,0
384,947,0
386,942,0
387,937,0
388,932,0
388,926,0
390,921,0
391,916,0
392,909,0
393,903,0
394,897,0
395,891,0
395,884,0
396,879,0
396,873,0
397,867,0
398,862,0
398,856,0
399,851,0
400,846,0
400,846,10
423,838,10
423,838,0
423,851,0
424,857,0
423,864,0
424,869,0
424,875,0
424,883,0
425,890,0
425,898,0
425,907,0
426,913,0
427,921,0
428,928,0
429,933,0
430,938,0
431,943,0
434,948,0
441,947,0
447,947,0
452,946,0
459,946,0
465,947,0
470,945,0
475,943,0
476,938,0
477,933,0
478,928,0
479,923,0
479,916,0
480,910,0
479,905,0
480,900,0
480,894,0
482,888,0
484,882,0
485,875,0
486,869,0
486,862,0
487,856,0
488,851,0
488,845,0
489,840,0
489,840,10
432,943,10
432,943,0
424,950,0
420,956,0
417,961,0
416,966,0
415,971,0
420,972,0
425,971,0
430,972,0
436,972,0
442,973,0
448,973,0
454,973,0
461,973,0
467,973,0
473,973,0
478,972,0
484,972,0
489,971,0
492,966,0
491,961,0
487,956,0
484,951,0
480,946,0
476,941,0
476,941,10
340,940,10
340,940,0
335,947,0
331,953,0
327,959,0
323,963,0
324,969,0
329,972,0
335,972,0
341,972,0
348,972,0
355,972,0
360,973,0
366,973,0
372,973,0
378,971,0
384,972,0
389,971,0
394,970,0
400,969,0
401,964,0
399,959,0
395,954,0
392,949,0
389,944,0
389,944,10
339,865,10
339,865,0
347,867,0
353,867,0
360,868,0
366,868,0
372,868,0
377,867,0
383,866,0
388,865,0
393,864,0
393,864,10
338,894,10
338,894,0
352,896,0
358,896,0
363,897,0
370,897,0
376,896,0
381,894,0
386,892,0
386,892,10
340,926,10
340,926,0
355,928,0
362,929,0
369,929,0
375,929,0
380,928,0
385,927,0
385,927,10
425,863,10
425,863,0
439,866,0
446,866,0
452,867,0
457,868,0
465,867,0
473,866,0
478,865,0
484,863,0
484,863,10
426,894,10
426,894,0
444,898,0
450,898,0
455,899,0
460,900,0
467,899,0
472,898,0
478,896,0
478,896,10
431,927,10
431,927,0
443,928,0
448,929,0
456,929,0
463,929,0
468,928,0
473,927,0
478,926,0
478,926,10
386,113,10
386,113,0
398,98,0
402,92,0
408,85,0
411,80,0
416,74,0
416,74,10
397,163,10
397,163,0
406,168,0
411,172,0
417,175,0
424,179,0
429,181,0
434,185,0
434,185,10
318,176,10
318,176,0
303,191,0
299,195,0
295,199,0
290,206,0
284,211,0
284,211,10
309,120,10
309,120,0
296,115,0
291,114,0
282,110,0
274,107,0
269,105,0
264,101,0
264,101,10
